FCFS
29
17 13.8 8.4 12.9
13 16.1 10.9 12.4
17 6.1 6.6 6.4
15 2.1 8.5 9.3
14 12.6 2.9 2.6
20 16.1 0.1 8.6
11 1.3 7.1 14.3
10 10.1 2.9 8.5
17 18.7 16.4 0.7
20 19.9 3.2 7.3
14 16.3 5.4 5.7
17 3.7 16.7 1.9
20 7.9 19.4 11.3
12 12.1 3.4 3.6
16 16.3 8.8 5.8
19 19.1 17.7 10.7
11 18.2 5.9 2.8
17 5.5 1.4 0.3
12 8.9 3.6 1.8
12 17.4 5.9 6.6
15 10.3 6.2 11.0
19 8.8 14.6 13.8
12 20.0 11.4 3.0
20 1.5 6.8 7.4
16 18.8 2.1 1.0
20 8.0 17.3 14.2
11 15.6 5.8 9.3
19 4.1 6.4 1.4
17 11.9 15.1 1.6
28.6
